(module CERRAD (layer F.Cu) (tedit 5BF41B94)
  (fp_text reference REF** (at 3.302 -3.556) (layer F.SilkS)
    (effects (font (size 1 1) (thickness 0.15)))
  )
  (fp_text value CERRAD (at 2.794 -2.286) (layer Eco1.User) hide
    (effects (font (size 1 1) (thickness 0.15)))
  )
  (fp_arc (start 0 0.254) (end 0 1.27) (angle 90) (layer Eco1.User) (width 0.2032))
  (fp_arc (start 0 -0.254) (end -1.016 -0.254) (angle 90) (layer Eco1.User) (width 0.2032))
  (fp_line (start 5.08 1.27) (end 0 1.27) (layer Eco1.User) (width 0.2032))
  (fp_line (start -1.016 -0.254) (end -1.016 0.254) (layer Eco1.User) (width 0.2032))
  (fp_line (start 6.096 -0.254) (end 6.096 0.254) (layer Eco1.User) (width 0.2032))
  (fp_line (start 5.08 -1.27) (end 0 -1.27) (layer Eco1.User) (width 0.2032))
  (fp_arc (start 5.08 0.254) (end 6.096 0.254) (angle 90) (layer Eco1.User) (width 0.2032))
  (fp_arc (start 5.08 -0.254) (end 5.08 -1.27) (angle 90) (layer Eco1.User) (width 0.2032))
  (fp_line (start -1.016 -0.254) (end -1.016 0.254) (layer F.SilkS) (width 0.2032))
  (fp_line (start 6.096 -0.254) (end 6.096 0.254) (layer F.SilkS) (width 0.2032))
  (fp_line (start 5.08 1.27) (end 0 1.27) (layer F.SilkS) (width 0.2032))
  (fp_line (start 5.08 -1.27) (end 0 -1.27) (layer F.SilkS) (width 0.2032))
  (fp_arc (start 0 -0.254) (end -1.016 -0.254) (angle 90) (layer F.SilkS) (width 0.2032))
  (fp_arc (start 0 0.254) (end 0 1.27) (angle 90) (layer F.SilkS) (width 0.2032))
  (fp_arc (start 5.08 0.254) (end 6.096 0.254) (angle 90) (layer F.SilkS) (width 0.2032))
  (fp_arc (start 5.08 -0.254) (end 5.08 -1.27) (angle 90) (layer F.SilkS) (width 0.2032))
  (pad 1 thru_hole circle (at 0 0) (size 1.27 1.27) (drill 0.7112) (layers *.Cu *.Mask))
  (pad 2 thru_hole circle (at 5.08 0) (size 1.27 1.27) (drill 0.7112) (layers *.Cu *.Mask))
)
